[gd_scene load_steps=6 format=2]

[ext_resource path="res://Scenes/Creatures/Player/PlayerCreature.tscn" type="PackedScene" id=1]
[ext_resource path="res://Textures/AAA_Util/checker.svg" type="Texture" id=2]
[ext_resource path="res://Scratch/TestHallway/BulletDespawner.gd" type="Script" id=3]
[ext_resource path="res://Scenes/Creatures/Enemies/TestEnemy/TestEnemy.tscn" type="PackedScene" id=4]

[sub_resource type="SpatialMaterial" id=1]
albedo_texture = ExtResource( 2 )
uv1_triplanar = true

[node name="TestHallway" type="Spatial"]

[node name="CSGCombiner" type="CSGCombiner" parent="."]
transform = Transform( 1, 0, 0, 0, 1, 0, 0, 0, 1, 0, 0, 0.5 )
material_override = SubResource( 1 )
use_collision = true

[node name="Floor" type="CSGBox" parent="CSGCombiner"]
transform = Transform( 1, 0, 0, 0, 1, 0, 0, 0, 1, 0, 0, -3 )
width = 8.0
height = 0.2
depth = 8.0

[node name="Wall" type="CSGBox" parent="CSGCombiner"]
transform = Transform( 1, 0, 0, 0, 1, 0, 0, 0, 1, 4, 2, -3 )
width = 0.2
height = 4.0
depth = 8.0

[node name="Wall2" type="CSGBox" parent="CSGCombiner"]
transform = Transform( 1, 0, 0, 0, 1, 0, 0, 0, 1, -4, 2, -3 )
width = 0.2
height = 4.0
depth = 8.0

[node name="Camera" type="Camera" parent="."]
transform = Transform( 1, 0, 0, 0, 0.965926, 0.258819, 0, -0.258819, 0.965926, 0, 2, 2.90885 )
fov = 80.0

[node name="DirectionalLight" type="DirectionalLight" parent="."]
transform = Transform( -0.956971, -3.07927e-08, 0.290185, 0.290185, -2.1805e-08, 0.956971, -2.31402e-08, 1, 2.98023e-08, 0, 2, 0 )
shadow_enabled = true

[node name="PlayerCreature" parent="." instance=ExtResource( 1 )]
transform = Transform( 1, 0, 0, 0, 1, 0, 0, 0, 1, 0, 1, 0 )

[node name="BulletDespawner" type="CSGBox" parent="."]
transform = Transform( 1, 0, 0, 0, 1, 0, 0, 0, 1, 0, 2, -23 )
use_collision = true
collision_layer = 31
collision_mask = 25
width = 12.0
height = 8.0
script = ExtResource( 3 )

[node name="TestEnemy" parent="." instance=ExtResource( 4 )]
transform = Transform( 0.707107, 0, 0.707107, 0, 1, 0, -0.707107, 0, 0.707107, 0, 1, -4 )
